1
2400
1000000
71
128
3543130
417447
96196
13939
119260
24575
17109
115108
70308
51657
9504
13687
7383
57243
2862
12053
105490
36388
80971
13468
14410
1946
17327
5464
42333
23948
3666
30282
12229
6504
26105
25104
27458
36226
6037
12741
22214
83864
34767
15845
11009
9639
5534
6287
7019
11317
5633
1825
21183
1657
11821
25178
18957
37546
5195
9488
5926
41595
33580
41987
31123
24276
8264
18007
4810
5979
25814
8175
1910
2164
38411
74472
5132
713
713
18548
10543
20189
48642
9382
4301
4222
32333
241
5243
17828
12043
17131
20519
29584
7325
22244
21049
16385
771
53502
6850
34740
17494
35757
1461
6004
5218
20190
15925
38145
21338
14277
116
2164
64322
33340
79720
18426
35735
26248
4684
33048
11052
111718
28444
240652
133690
64122
71669
92135
344479
6799680